9097 20.00
14486 25.00
22737 30.00
39161 35.00
78617 40.00

494 17.00
661 18.00
816 19.00
1139 18.00
1294 17.00
1756 16.00
2326 15.00
3478 14.00
5633 15.00
6994 16.00
8183 17.00
9480 18.00
11053 19.00
12865 20.00
14946 21.00
16640 22.00
18302 23.00
19936 24.00
21760 25.00
23811 26.00
25892 27.00
28218 28.00
30757 29.00
33728 30.00
37080 31.00
40792 32.00
45102 33.00
50198 34.00
56192 35.00
63771 36.00
72785 37.00

250 18.00
758 19.00
1170 20.00
1557 21.00
2382 22.00
3939 23.00
5583 24.00
7529 25.00
9017 26.00
10415 27.00
11872 28.00
13407 29.00
15052 30.00
16854 31.00
19030 32.00
21436 33.00
24214 34.00
27521 35.00
31479 36.00
36277 37.00
42171 38.00
49818 39.00
60710 40.00
76260 41.00